      0/99     7.27G   0.07323    0.1057   0.05386    0.2328       132       640    0.9302   0.07428   0.04924   0.01218   0.08878   0.02468   0.02696
      1/99     11.1G   0.05963  0.007964   0.01068   0.07828       135       640     0.977    0.1081    0.1224   0.06398   0.07963   0.02435   0.01931
      2/99     12.9G   0.05214   0.00757  0.005292     0.065       114       640    0.9778   0.09666    0.1049   0.06028   0.08601   0.02516   0.01897
      3/99     12.9G     0.055  0.007779  0.007234   0.07001        97       640    0.9784   0.09874    0.1052   0.05651   0.09149   0.02096   0.07878
      4/99     12.9G   0.05423  0.008212  0.006674   0.06911        76       640     0.909    0.1398    0.1476    0.0808   0.08093   0.02031   0.01715
      5/99     12.9G   0.05299  0.008225  0.005645   0.06686        52       640    0.7921    0.1591    0.1657   0.08382   0.07746   0.02078    0.0204
      6/99     12.9G   0.04956   0.00787   0.00469   0.06212       121       640    0.7893     0.184    0.2054    0.1087   0.07113   0.01967   0.01521
      7/99     12.9G   0.04648  0.007609  0.003738   0.05783       111       640    0.7311    0.2151      0.22    0.1139   0.06855    0.0195   0.01537
      8/99     12.9G   0.04432  0.007394  0.003064   0.05478        88       640    0.7046    0.2509    0.2318      0.12   0.06585   0.02093   0.01558
      9/99     12.9G   0.04292  0.007251  0.002834   0.05301       123       640    0.8094     0.258    0.2762    0.1395   0.06459   0.01985   0.01656
     10/99     12.9G    0.0418  0.007067  0.002501   0.05137        83       640    0.8088     0.253    0.2881    0.1486   0.06408   0.01999   0.01664
     11/99     12.9G   0.04108  0.006955  0.002398   0.05044       101       640    0.8319    0.2794    0.3088    0.1572   0.06361   0.02007   0.01572
     12/99     12.9G   0.04046  0.006933  0.002274   0.04966        78       640    0.8318    0.2855    0.3142    0.1643    0.0628   0.01991   0.01563
     13/99     12.9G   0.03991   0.00694  0.002187   0.04904       133       640    0.7092    0.3455    0.3444    0.1789   0.06148   0.02033   0.01631
     14/99     12.9G   0.03923   0.00686  0.001972   0.04806       114       640    0.8503    0.3159    0.3458    0.1848   0.06056   0.02062   0.01668
     15/99     12.9G   0.03891   0.00681   0.00196   0.04768        84       640    0.8794    0.3068    0.3581    0.1872   0.06112   0.02015   0.01747
     16/99     12.9G   0.03832  0.006831  0.001916   0.04706       103       640    0.8427    0.3034    0.3404    0.1772   0.06067   0.02023   0.01736
     17/99     12.9G   0.03791  0.006716   0.00177   0.04639        93       640    0.7169    0.3563    0.3698    0.1968   0.05982   0.02023    0.0165
     18/99     12.9G   0.03769  0.006642  0.001781   0.04611       118       640    0.7316    0.3458    0.3566    0.1931   0.05939   0.02011   0.01656
     19/99     12.9G   0.03739  0.006643  0.001689   0.04572       131       640    0.7649    0.3384    0.3675    0.2017   0.05875   0.02123   0.01664
     20/99     12.9G   0.03723   0.00663  0.001639    0.0455       127       640    0.9154    0.2936    0.3558    0.2006   0.05975   0.02032   0.01531
     21/99     12.9G   0.03673  0.006601    0.0016   0.04493       119       640    0.7346    0.3405    0.3851     0.213    0.0585   0.01995   0.01454
     22/99     12.9G   0.03693  0.006635  0.001594   0.04515       118       640    0.6113    0.3746    0.3903    0.2133   0.05743   0.02052   0.01576
     23/99     12.9G   0.03644  0.006596  0.001479   0.04452       112       640    0.7241    0.3833    0.3944    0.2174   0.05742    0.0209   0.01504
     24/99     12.9G   0.03614  0.006546  0.001427   0.04411       107       640    0.8661    0.3364      0.39    0.2187   0.05701   0.02115    0.0156
     25/99     12.9G   0.03589  0.006539  0.001418   0.04384       109       640    0.6641    0.4085    0.4086    0.2284   0.05568   0.02107   0.01477
     26/99     15.6G   0.03577   0.00657  0.001417   0.04375        74       640    0.6205     0.416    0.4159    0.2309   0.05639   0.02093   0.01507
     27/99     15.6G   0.03578  0.006472  0.001424   0.04367       117       640    0.6328    0.4109    0.4084    0.2268   0.05569   0.02123   0.01487
     28/99     15.6G   0.03544  0.006395  0.001333   0.04317        97       640    0.6186    0.4303     0.415    0.2283   0.05583   0.02119   0.01551
     29/99     15.6G   0.03534  0.006423  0.001328   0.04309       119       640     0.744    0.4192    0.4254    0.2369   0.05532   0.02091   0.01653
     30/99     15.6G   0.03522   0.00643  0.001301   0.04295       100       640    0.7256    0.4108    0.4272    0.2385   0.05516   0.02126   0.01484
     31/99     15.6G   0.03476  0.006412   0.00122    0.0424       108       640    0.6184    0.4484    0.4326    0.2409   0.05421   0.02112   0.01494
     32/99     15.6G   0.03483  0.006379  0.001212   0.04242       109       640    0.6406    0.4496    0.4405    0.2486   0.05473   0.02151    0.0148
     33/99     15.6G   0.03458  0.006321  0.001185   0.04209        82       640    0.6416    0.4591    0.4342    0.2446   0.05392   0.02182   0.01484
     34/99     15.6G   0.03451   0.00643  0.001183   0.04213       138       640    0.6835    0.4348    0.4446    0.2497   0.05453   0.02142   0.01496
     35/99     15.6G   0.03428  0.006302  0.001195   0.04177       117       640    0.6342    0.4496     0.445    0.2491   0.05404    0.0217   0.01391
     36/99     15.6G   0.03417  0.006298  0.001111   0.04158       123       640    0.7793    0.4326    0.4577    0.2611   0.05376   0.02157   0.01399
     37/99     15.6G   0.03416  0.006296  0.001091   0.04155       106       640     0.736    0.4256    0.4568    0.2594   0.05314    0.0217    0.0154
     38/99     15.6G   0.03406  0.006294  0.001137   0.04149       102       640    0.7019    0.4524    0.4586    0.2589   0.05254   0.02218   0.01477
     39/99     15.6G   0.03396  0.006284  0.001063   0.04131        93       640    0.6945     0.461    0.4576    0.2599   0.05283   0.02209   0.01417
     40/99     15.6G   0.03379  0.006294  0.001094   0.04118       102       640    0.7056    0.4555    0.4607    0.2628   0.05264   0.02218   0.01472
     41/99     15.6G   0.03368  0.006292  0.001065   0.04103       115       640    0.6691    0.4523    0.4623    0.2643   0.05197   0.02231   0.01473
     42/99     15.6G   0.03379  0.006294  0.001081   0.04117       117       640    0.6989    0.4494    0.4606    0.2609   0.05262   0.02212   0.01404
     43/99     15.6G   0.03355  0.006205  0.001014   0.04077       128       640    0.6977    0.4647    0.4694    0.2676   0.05283   0.02214   0.01419
     44/99     15.6G   0.03331  0.006162  0.001023   0.04049       103       640     0.551    0.4839    0.4721    0.2688   0.05274   0.02219   0.01446
     45/99     15.6G   0.03319  0.006162  0.001007   0.04036       101       640    0.5856    0.4618    0.4795     0.272    0.0524   0.02222   0.01458
     46/99     15.6G   0.03305  0.006189 0.0009904   0.04023       106       640    0.5678     0.497    0.4813    0.2758   0.05254   0.02236   0.01392
     47/99     15.6G   0.03293  0.006136 0.0009296   0.03999       107       640    0.5735    0.4964    0.4845    0.2782     0.052   0.02247   0.01425
     48/99     15.6G   0.03286  0.006175 0.0009453   0.03998        86       640    0.6124    0.4695    0.4919    0.2793   0.05174   0.02239   0.01445
     49/99     15.6G   0.03281  0.006165 0.0009203    0.0399        91       640     0.553    0.5168    0.4906    0.2779   0.05158   0.02254   0.01476
     50/99     15.6G    0.0328  0.006179 0.0009648   0.03995       116       640    0.5792     0.497    0.4889    0.2794   0.05152    0.0226   0.01457
     51/99     15.6G   0.03269  0.006159 0.0009859   0.03983       112       640    0.6898    0.4814    0.4951    0.2828   0.05146    0.0226   0.01449
     52/99     15.6G    0.0325  0.006098 0.0009099    0.0395        90       640    0.6359    0.5008    0.4988    0.2859   0.05126   0.02264   0.01472
     53/99     15.6G   0.03248  0.006178 0.0009116   0.03957       104       640    0.6751    0.4796    0.4999    0.2893   0.05105   0.02272   0.01482
     54/99     15.6G   0.03242  0.006102 0.0009243   0.03944       159       640    0.6684    0.4762    0.5001    0.2892   0.05107   0.02283   0.01457
     55/99     15.6G   0.03233  0.006118 0.0009016   0.03935       117       640    0.6525    0.4936    0.5052    0.2917   0.05107   0.02294   0.01446
     56/99     15.6G   0.03217  0.006074 0.0008709   0.03912       151       640    0.6625    0.4952    0.5081    0.2935   0.05124   0.02291   0.01418
     57/99     15.6G     0.032  0.006061  0.000882   0.03895       116       640    0.6666    0.4922    0.5105    0.2946   0.05105    0.0229   0.01425
     58/99     15.6G   0.03204   0.00612 0.0008527   0.03901       126       640    0.6655    0.4924    0.5101    0.2953   0.05093   0.02294   0.01421
     59/99     15.6G   0.03198    0.0061 0.0008367   0.03892       115       640    0.6503    0.5067    0.5113    0.2956   0.05097   0.02299   0.01401
     60/99     15.6G   0.03186  0.006049 0.0008148   0.03872        96       640    0.6676    0.5034    0.5137    0.2968   0.05099   0.02305   0.01388
     61/99     15.6G   0.03188  0.006018 0.0008505   0.03874       111       640    0.6545    0.5044    0.5151    0.2968   0.05105   0.02306   0.01373
     62/99     15.6G   0.03173  0.005986 0.0008095   0.03852        97       640    0.6944    0.4907    0.5151    0.2971   0.05093   0.02311   0.01369
     63/99     15.6G   0.03174  0.006078 0.0008612   0.03868       107       640    0.7052    0.4819    0.5151    0.2971   0.05083   0.02315   0.01368
     64/99     15.6G    0.0317  0.005937 0.0008264   0.03846       108       640    0.6997    0.4865    0.5163    0.2986   0.05077   0.02317   0.01368
     65/99     15.6G   0.03143  0.006001 0.0008236   0.03826       150       640    0.7079    0.4846    0.5186    0.2996   0.05075   0.02321   0.01351
     66/99     15.6G   0.03133  0.005965 0.0007484   0.03804       123       640    0.7265    0.4772    0.5203    0.3014   0.05077   0.02323   0.01334
     67/99     15.6G   0.03127  0.005944 0.0007483   0.03796       119       640    0.6911    0.4919    0.5214    0.3016   0.05068   0.02329    0.0133
     68/99     15.6G   0.03118  0.005939 0.0007844    0.0379        97       640    0.6141    0.5587    0.5236    0.3022   0.05065   0.02332   0.01326
     69/99     15.6G    0.0311  0.005931  0.000746   0.03778       114       640    0.6137    0.5589    0.5244    0.3024   0.05061   0.02332   0.01326
     70/99     15.6G   0.03111     0.006 0.0007288   0.03784       127       640    0.6228    0.5511    0.5246     0.303   0.05059   0.02333   0.01324
     71/99     15.6G   0.03094  0.006013 0.0007226   0.03768       138       640    0.6237    0.5504    0.5252    0.3037   0.05057   0.02334   0.01319
     72/99     15.6G    0.0311   0.00596 0.0007337   0.03779        61       640    0.6188    0.5519    0.5264    0.3042   0.05053   0.02336   0.01315
     73/99     15.6G   0.03093  0.005977 0.0006906    0.0376        87       640    0.6617    0.5182    0.5278    0.3055   0.05046   0.02339   0.01315
     74/99     15.6G   0.03063  0.005934 0.0006625   0.03722        85       640    0.6742    0.5158    0.5283    0.3055   0.05044   0.02341   0.01312
     75/99     15.6G   0.03071  0.005964 0.0007306   0.03741        86       640    0.6538    0.5359    0.5298    0.3068   0.05037   0.02345   0.01308
     76/99     15.6G   0.03052  0.005896 0.0007417   0.03716        87       640    0.6603    0.5367    0.5305    0.3068   0.05029   0.02349   0.01308
     77/99     15.6G   0.03054  0.005996 0.0007329   0.03727        97       640    0.6554    0.5368    0.5314     0.307   0.05024   0.02352   0.01306
     78/99     15.6G   0.03057  0.005946 0.0007493   0.03727        84       640      0.67    0.5272    0.5321    0.3072   0.05021   0.02354   0.01304
     79/99     15.6G   0.03054  0.005944 0.0006962   0.03718       115       640    0.6764    0.5239    0.5329    0.3081   0.05021   0.02356   0.01296
     80/99     15.6G   0.03041  0.005885 0.0006682   0.03696       128       640    0.6981    0.5075    0.5333    0.3088   0.05016   0.02358   0.01293
     81/99     15.6G   0.03063  0.005848 0.0007546   0.03723       111       640    0.7036    0.5076    0.5336    0.3086   0.05013    0.0236   0.01291
     82/99     15.6G   0.03029  0.005867 0.0006628   0.03682       171       640    0.7091    0.5087    0.5348    0.3085   0.05012    0.0236    0.0129
     83/99     15.6G    0.0302  0.005906 0.0006748   0.03678       135       640    0.7125    0.5077     0.535    0.3086   0.05012   0.02361   0.01287
     84/99     15.6G   0.03017   0.00586   0.00064   0.03667        84       640    0.6652    0.5337    0.5351    0.3087    0.0501   0.02362   0.01286
     85/99     15.6G   0.03011  0.005807 0.0006808   0.03659       131       640    0.6635    0.5314     0.533    0.3091   0.05008   0.02363   0.01285
     86/99     15.6G   0.03019  0.005856 0.0006691   0.03672        75       640    0.6693    0.5304    0.5339    0.3094   0.05007   0.02364   0.01281
     87/99     15.6G   0.02996  0.005903 0.0006209   0.03648       132       640    0.6672    0.5312    0.5343    0.3102   0.05006   0.02364    0.0128
     88/99     15.6G   0.02998   0.00582  0.000627   0.03643       117       640    0.6879    0.5165    0.5344    0.3108   0.05003   0.02365   0.01278
     89/99     15.6G   0.02999  0.005845  0.000646   0.03648        85       640    0.6774    0.5263    0.5347    0.3108   0.05002   0.02365   0.01278
     90/99     15.6G   0.02975  0.005896 0.0006413   0.03628       112       640    0.6829    0.5239     0.535    0.3109   0.05002   0.02366   0.01275
     91/99     15.6G   0.02991  0.005763 0.0006344   0.03631       127       640    0.6878    0.5227    0.5357    0.3112   0.05001   0.02367   0.01273
     92/99     15.6G   0.02988  0.005723 0.0006359   0.03624       120       640    0.6886    0.5216    0.5362    0.3114   0.04999   0.02368   0.01273
     93/99     15.6G   0.02983  0.005799 0.0006157   0.03625       114       640    0.6905    0.5202    0.5367    0.3113   0.04997    0.0237   0.01272
     94/99     15.6G   0.02985   0.00581 0.0006095   0.03627       121       640    0.6586    0.5401    0.5365    0.3115   0.04996   0.02371   0.01271
     95/99     15.6G   0.02968  0.005827 0.0006299   0.03613       141       640     0.659    0.5413    0.5367    0.3119   0.04995   0.02373    0.0127
     96/99     15.6G   0.02982  0.005797  0.000649   0.03626       104       640    0.6664    0.5365    0.5372    0.3117   0.04993   0.02375   0.01269
     97/99     15.6G   0.02953  0.005791 0.0006328   0.03595       131       640    0.6693    0.5353    0.5372     0.312   0.04991   0.02377   0.01267
     98/99     15.6G   0.02962  0.005826 0.0005878   0.03603       105       640    0.6967    0.5236    0.5383    0.3121    0.0499   0.02379   0.01264
     99/99     15.6G   0.02952  0.005812 0.0006034   0.03593       133       640    0.6988    0.5218    0.5388    0.3126    0.0499   0.02381   0.01261
